BRANCH DATA FOLLOWS
   1    5  1  1 1 0  0.00000   0.01667     0.0        0     0     0    0 0  0.0       0.0 0.0    0.0     0.0    0.0   0.0
  12    6  1  1 1 0  0.0       0.01667     0.0        0     0     0    0 0  0.0       0.0 0.0    0.0     0.0    0.0   0.0
   2   12  1  1 1 0  0.00000   0.04722     0.0        0     0     0    0 0  0.0       0.0 0.0    0.0     0.0    0.0   0.0
  13   11  2  1 1 0  0.0       0.01667     0.0        0     0     0    0 0  0.0       0.0 0.0    0.0     0.0    0.0   0.0
   3   13  2  1 1 0  0.00000   0.04722     0.0        0     0     0    0 0  0.0       0.0 0.0    0.0     0.0    0.0   0.0
  14   10  2  1 1 0  0.00000   0.01667     0.0        0     0     0    0 0  0.0       0.0 0.0    0.0     0.0    0.0   0.0
   4   14  2  1 1 0  0.0       0.04722     0.0        0     0     0    0 0  0.0       0.0 0.0    0.0     0.0    0.0   0.0
   5    6  1  1 1 0  0.00250   0.02500     0.04375    0     0     0    0 0  0.0       0.0 0.0    0.0     0.0    0.0   0.0
   6    7  1  1 1 0  0.00050   0.00500     0.03500    0     0     0    0 0  0.0       0.0 0.0    0.0     0.0    0.0   0.0
   7    8  1  1 1 0  0.00275   0.02750     0.77000    0     0     0    0 0  0.0       0.0 0.0    0.0     0.0    0.0   0.0
   8    9  2  1 1 0  0.00275   0.02750     0.77000    0     0     0    0 0  0.0       0.0 0.0    0.0     0.0    0.0   0.0
   9   10  2  1 1 0  0.00050   0.00500     0.03500    0     0     0    0 0  0.0       0.0 0.0    0.0     0.0    0.0   0.0
  10   11  2  1 1 0  0.00250   0.02500     0.04375    0     0     0    0 0  0.0       0.0 0.0    0.0     0.0    0.0   0.0